data2d=[
[[[-4.5,0],[-3.4641,0]],[[3.4641,0],[4.5,0]],[],[[0,-4.5],[0,-2.4495]],[[0,2.4495],[0,4.5]],[[1.1547,-3.266],[-1.1547,-1.633]],[[-1.1547,-1.633],[1.1547,1.633]],[[3.4641,0],[1.1547,1.633]],[[1.1547,-3.266],[3.4641,0]],[[-1.1547,-1.633],[-3.4641,0]],[[-3.4641,0],[-1.1547,3.266]],[[1.1547,1.633],[-1.1547,3.266]]]
,
[[[-4.5,0],[-3.4641,0]],[[3.4641,0],[4.5,0]],[],[[0,-4.5],[0,-2.535906]],[[0,2.73206],[0,4.5]],[[1.1547,-3.15471],[-1.1547,-0.8453]],[[-1.1547,-0.8453],[1.1547,2.30941]],[[3.4641,0],[1.1547,2.30941]],[[1.1547,-3.15471],[3.4641,0]],[[1.1547,-3.15471],[-1.1547,-2.30941]],[[-3.4641,0],[-1.1547,-2.30941]],[[-1.1547,-0.8453],[-3.4641,0]],[[-3.4641,0],[-1.1547,3.15471]],[[1.1547,2.30941],[-1.1547,3.15471]]]
,
[[[-4.5,0],[-3.4641,0]],[[3.4641,0],[4.5,0]],[],[[0,-4.5],[0,-2.82844]],[[0,2.82844],[0,4.5]],[[1.1547,-2.82844],[-1.1547,0]],[[-1.1547,0],[1.1547,2.82844]],[[3.4641,0],[1.1547,2.82844]],[[1.1547,-2.82844],[3.4641,0]],[[1.1547,-2.82844],[-1.1547,-2.82844]],[[-3.4641,0],[-1.1547,-2.82844]],[[-1.1547,0],[-3.4641,0]],[[-3.4641,0],[-1.1547,2.82844]],[[1.1547,2.82844],[-1.1547,2.82844]]]
,
[[[-4.5,0],[-3.4641,0]],[[3.4641,0],[4.5,0]],[],[[0,-4.5],[0,-2.73206]],[[0,2.535906],[0,4.5]],[[1.1547,-2.30941],[-1.1547,0.8453]],[[-1.1547,0.8453],[1.1547,3.15471]],[[3.4641,0],[1.1547,3.15471]],[[1.1547,-2.30941],[3.4641,0]],[[1.1547,-2.30941],[-1.1547,-3.15471]],[[-3.4641,0],[-1.1547,-3.15471]],[[-1.1547,0.8453],[-3.4641,0]],[[-3.4641,0],[-1.1547,2.30941]],[[1.1547,3.15471],[-1.1547,2.30941]]]
,
[[[-4.5,0],[-3.4641,0]],[[3.4641,0],[4.5,0]],[],[[0,-4.5],[0,-2.4495]],[[0,2.4495],[0,4.5]],[[1.1547,-1.633],[-1.1547,1.633]],[[-1.1547,1.633],[1.1547,3.266]],[[3.4641,0],[1.1547,3.266]],[[1.1547,-1.633],[3.4641,0]],[[1.1547,-1.633],[-1.1547,-3.266]],[[-3.4641,0],[-1.1547,-3.266]],[[-1.1547,1.633],[-3.4641,0]]]
,
[[[-4.5,0],[-3.4641,0]],[[3.4641,0],[4.5,0]],[],[[0,-4.5],[0,-2.535906]],[[0,2.73206],[0,4.5]],[[1.1547,-0.8453],[-1.1547,2.30941]],[[-1.1547,2.30941],[1.1547,3.15471]],[[3.4641,0],[1.1547,3.15471]],[[1.1547,-0.8453],[3.4641,0]],[[3.4641,0],[1.1547,-2.30941]],[[-1.1547,-3.15471],[1.1547,-2.30941]],[[1.1547,-0.8453],[-1.1547,-3.15471]],[[-3.4641,0],[-1.1547,-3.15471]],[[-1.1547,2.30941],[-3.4641,0]]]
,
[[[-4.5,0],[-3.4641,0]],[[3.4641,0],[4.5,0]],[],[[0,-4.5],[0,-2.82844]],[[0,2.82844],[0,4.5]],[[1.1547,0],[-1.1547,2.82844]],[[-1.1547,2.82844],[1.1547,2.82844]],[[3.4641,0],[1.1547,2.82844]],[[1.1547,0],[3.4641,0]],[[3.4641,0],[1.1547,-2.82844]],[[-1.1547,-2.82844],[1.1547,-2.82844]],[[1.1547,0],[-1.1547,-2.82844]],[[-3.4641,0],[-1.1547,-2.82844]],[[-1.1547,2.82844],[-3.4641,0]]]
,
[[[-4.5,0],[-3.4641,0]],[[3.4641,0],[4.5,0]],[],[[0,-4.5],[0,-2.73206]],[[0,2.535906],[0,4.5]],[[1.1547,0.8453],[-1.1547,3.15471]],[[-1.1547,3.15471],[1.1547,2.30941]],[[3.4641,0],[1.1547,2.30941]],[[1.1547,0.8453],[3.4641,0]],[[3.4641,0],[1.1547,-3.15471]],[[-1.1547,-2.30941],[1.1547,-3.15471]],[[1.1547,0.8453],[-1.1547,-2.30941]],[[-3.4641,0],[-1.1547,-2.30941]],[[-1.1547,3.15471],[-3.4641,0]]]
,
[[[-4.5,0],[-3.4641,0]],[[3.4641,0],[4.5,0]],[],[[0,-4.5],[0,-2.4495]],[[0,2.4495],[0,4.5]],[[1.1547,1.633],[-1.1547,3.266]],[[1.1547,1.633],[3.4641,0]],[[3.4641,0],[1.1547,-3.266]],[[-1.1547,-1.633],[1.1547,-3.266]],[[1.1547,1.633],[-1.1547,-1.633]],[[-3.4641,0],[-1.1547,-1.633]],[[-1.1547,3.266],[-3.4641,0]]]
,
[[[-4.5,0],[-3.4641,0]],[[3.4641,0],[4.5,0]],[],[[0,-4.5],[0,-2.535906]],[[0,2.73206],[0,4.5]],[[1.1547,2.30941],[-1.1547,3.15471]],[[1.1547,2.30941],[3.4641,0]],[[3.4641,0],[1.1547,-3.15471]],[[-1.1547,-0.8453],[1.1547,-3.15471]],[[1.1547,2.30941],[-1.1547,-0.8453]],[[-3.4641,0],[-1.1547,-0.8453]],[[-1.1547,3.15471],[-3.4641,0]],[[-3.4641,0],[-1.1547,-2.30941]],[[-1.1547,-2.30941],[1.1547,-3.15471]]]
,
[[[-4.5,0],[-3.4641,0]],[[3.4641,0],[4.5,0]],[],[[0,-4.5],[0,-2.82844]],[[0,2.82844],[0,4.5]],[[1.1547,2.82844],[-1.1547,2.82844]],[[1.1547,2.82844],[3.4641,0]],[[3.4641,0],[1.1547,-2.82844]],[[-1.1547,0],[1.1547,-2.82844]],[[1.1547,2.82844],[-1.1547,0]],[[-3.4641,0],[-1.1547,0]],[[-1.1547,2.82844],[-3.4641,0]],[[-3.4641,0],[-1.1547,-2.82844]],[[-1.1547,-2.82844],[1.1547,-2.82844]]]
,
[[[-4.5,0],[-3.4641,0]],[[3.4641,0],[4.5,0]],[],[[0,-4.5],[0,-2.73206]],[[0,2.535906],[0,4.5]],[[1.1547,3.15471],[-1.1547,2.30941]],[[1.1547,3.15471],[3.4641,0]],[[3.4641,0],[1.1547,-2.30941]],[[-1.1547,0.8453],[1.1547,-2.30941]],[[1.1547,3.15471],[-1.1547,0.8453]],[[-3.4641,0],[-1.1547,0.8453]],[[-1.1547,2.30941],[-3.4641,0]],[[-3.4641,0],[-1.1547,-3.15471]],[[-1.1547,-3.15471],[1.1547,-2.30941]]]
,
[[[-4.5,0],[-3.4641,0]],[[3.4641,0],[4.5,0]],[],[[0,-4.5],[0,-2.4495]],[[0,2.4495],[0,4.5]],[[1.1547,3.266],[3.4641,0]],[[3.4641,0],[1.1547,-1.633]],[[-1.1547,1.633],[1.1547,-1.633]],[[1.1547,3.266],[-1.1547,1.633]],[[-3.4641,0],[-1.1547,1.633]],[[-3.4641,0],[-1.1547,-3.266]],[[-1.1547,-3.266],[1.1547,-1.633]]]
,
[[[-4.5,0],[-3.4641,0]],[[3.4641,0],[4.5,0]],[],[[0,-4.5],[0,-2.535906]],[[0,2.73206],[0,4.5]],[[3.4641,0],[1.1547,-2.30941]],[[1.1547,3.15471],[3.4641,0]],[[3.4641,0],[1.1547,-0.8453]],[[-1.1547,2.30941],[1.1547,-0.8453]],[[1.1547,3.15471],[-1.1547,2.30941]],[[-3.4641,0],[-1.1547,2.30941]],[[-3.4641,0],[-1.1547,-3.15471]],[[1.1547,-2.30941],[-1.1547,-3.15471]],[[-1.1547,-3.15471],[1.1547,-0.8453]]]
,
[[[-4.5,0],[-3.4641,0]],[[3.4641,0],[4.5,0]],[],[[0,-4.5],[0,-2.82844]],[[0,2.82844],[0,4.5]],[[3.4641,0],[1.1547,-2.82844]],[[1.1547,2.82844],[3.4641,0]],[[3.4641,0],[1.1547,0]],[[-1.1547,2.82844],[1.1547,0]],[[1.1547,2.82844],[-1.1547,2.82844]],[[-3.4641,0],[-1.1547,2.82844]],[[-3.4641,0],[-1.1547,-2.82844]],[[1.1547,-2.82844],[-1.1547,-2.82844]],[[-1.1547,-2.82844],[1.1547,0]]]
,
[[[-4.5,0],[-3.4641,0]],[[3.4641,0],[4.5,0]],[],[[0,-4.5],[0,-2.73206]],[[0,2.535906],[0,4.5]],[[3.4641,0],[1.1547,-3.15471]],[[1.1547,2.30941],[3.4641,0]],[[3.4641,0],[1.1547,0.8453]],[[-1.1547,3.15471],[1.1547,0.8453]],[[1.1547,2.30941],[-1.1547,3.15471]],[[-3.4641,0],[-1.1547,3.15471]],[[-3.4641,0],[-1.1547,-2.30941]],[[1.1547,-3.15471],[-1.1547,-2.30941]],[[-1.1547,-2.30941],[1.1547,0.8453]]]
,
[[[-4.5,0],[-3.4641,0]],[[3.4641,0],[4.5,0]],[],[[0,-4.5],[0,-2.4495]],[[0,2.4495],[0,4.5]],[[3.4641,0],[1.1547,-3.266]],[[3.4641,0],[1.1547,1.633]],[[-1.1547,3.266],[1.1547,1.633]],[[-3.4641,0],[-1.1547,3.266]],[[-3.4641,0],[-1.1547,-1.633]],[[1.1547,-3.266],[-1.1547,-1.633]],[[-1.1547,-1.633],[1.1547,1.633]]]
,
[[[-4.5,0],[-3.4641,0]],[[3.4641,0],[4.5,0]],[],[[0,-4.5],[0,-2.535906]],[[0,2.73206],[0,4.5]],[[-1.1547,-2.30941],[1.1547,-3.15471]],[[3.4641,0],[1.1547,-3.15471]],[[3.4641,0],[1.1547,2.30941]],[[-1.1547,3.15471],[1.1547,2.30941]],[[-3.4641,0],[-1.1547,3.15471]],[[-1.1547,-2.30941],[-3.4641,0]],[[-3.4641,0],[-1.1547,-0.8453]],[[1.1547,-3.15471],[-1.1547,-0.8453]],[[-1.1547,-0.8453],[1.1547,2.30941]]]
,
[[[-4.5,0],[-3.4641,0]],[[3.4641,0],[4.5,0]],[],[[0,-4.5],[0,-2.82844]],[[0,2.82844],[0,4.5]],[[-1.1547,-2.82844],[1.1547,-2.82844]],[[3.4641,0],[1.1547,-2.82844]],[[3.4641,0],[1.1547,2.82844]],[[-1.1547,2.82844],[1.1547,2.82844]],[[-3.4641,0],[-1.1547,2.82844]],[[-1.1547,-2.82844],[-3.4641,0]],[[-3.4641,0],[-1.1547,0]],[[1.1547,-2.82844],[-1.1547,0]],[[-1.1547,0],[1.1547,2.82844]]]
,
[[[-4.5,0],[-3.4641,0]],[[3.4641,0],[4.5,0]],[],[[0,-4.5],[0,-2.73206]],[[0,2.535906],[0,4.5]],[[-1.1547,-3.15471],[1.1547,-2.30941]],[[3.4641,0],[1.1547,-2.30941]],[[3.4641,0],[1.1547,3.15471]],[[-1.1547,2.30941],[1.1547,3.15471]],[[-3.4641,0],[-1.1547,2.30941]],[[-1.1547,-3.15471],[-3.4641,0]],[[-3.4641,0],[-1.1547,0.8453]],[[1.1547,-2.30941],[-1.1547,0.8453]],[[-1.1547,0.8453],[1.1547,3.15471]]]
,
[[[-4.5,0],[-3.4641,0]],[[3.4641,0],[4.5,0]],[],[[0,-4.5],[0,-2.4495]],[[0,2.4495],[0,4.5]],[[-1.1547,-3.266],[1.1547,-1.633]],[[3.4641,0],[1.1547,-1.633]],[[3.4641,0],[1.1547,3.266]],[[-1.1547,-3.266],[-3.4641,0]],[[-3.4641,0],[-1.1547,1.633]],[[1.1547,-1.633],[-1.1547,1.633]],[[-1.1547,1.633],[1.1547,3.266]]]
,
[[[-4.5,0],[-3.4641,0]],[[3.4641,0],[4.5,0]],[],[[0,-4.5],[0,-2.535906]],[[0,2.73206],[0,4.5]],[[1.1547,-2.30941],[-1.1547,-3.15471]],[[-1.1547,-3.15471],[1.1547,-0.8453]],[[3.4641,0],[1.1547,-0.8453]],[[1.1547,-2.30941],[3.4641,0]],[[3.4641,0],[1.1547,3.15471]],[[-1.1547,-3.15471],[-3.4641,0]],[[-3.4641,0],[-1.1547,2.30941]],[[1.1547,-0.8453],[-1.1547,2.30941]],[[-1.1547,2.30941],[1.1547,3.15471]]]
,
[[[-4.5,0],[-3.4641,0]],[[3.4641,0],[4.5,0]],[],[[0,-4.5],[0,-2.82844]],[[0,2.82844],[0,4.5]],[[1.1547,-2.82844],[-1.1547,-2.82844]],[[-1.1547,-2.82844],[1.1547,0]],[[3.4641,0],[1.1547,0]],[[1.1547,-2.82844],[3.4641,0]],[[3.4641,0],[1.1547,2.82844]],[[-1.1547,-2.82844],[-3.4641,0]],[[-3.4641,0],[-1.1547,2.82844]],[[1.1547,0],[-1.1547,2.82844]],[[-1.1547,2.82844],[1.1547,2.82844]]]
,
[[[-4.5,0],[-3.4641,0]],[[3.4641,0],[4.5,0]],[],[[0,-4.5],[0,-2.73206]],[[0,2.535906],[0,4.5]],[[1.1547,-3.15471],[-1.1547,-2.30941]],[[-1.1547,-2.30941],[1.1547,0.8453]],[[3.4641,0],[1.1547,0.8453]],[[1.1547,-3.15471],[3.4641,0]],[[3.4641,0],[1.1547,2.30941]],[[-1.1547,-2.30941],[-3.4641,0]],[[-3.4641,0],[-1.1547,3.15471]],[[1.1547,0.8453],[-1.1547,3.15471]],[[-1.1547,3.15471],[1.1547,2.30941]]]
,
[[[-4.5,0],[-3.4641,0]],[[3.4641,0],[4.5,0]],[],[[0,-4.5],[0,-2.4495]],[[0,2.4495],[0,4.5]],[[1.1547,-3.266],[-1.1547,-1.633]],[[-1.1547,-1.633],[1.1547,1.633]],[[3.4641,0],[1.1547,1.633]],[[1.1547,-3.266],[3.4641,0]],[[-1.1547,-1.633],[-3.4641,0]],[[-3.4641,0],[-1.1547,3.266]],[[1.1547,1.633],[-1.1547,3.266]]]
];
