sfbd3d1//
start//
[[ -1.99551, 0.10931, 0.00375],[ -1.96243, 0.10750, 0.08658]]//
end//
start//
[[ -1.96243, 0.10750, 0.08658],[ -1.95707, 0.10720, 0.10000],[ -1.95557, 0.10712, 0.10375]]//
end//
start//
[[ -1.95557, 0.10712, 0.10375],[ -1.91713, 0.10501, 0.20000],[ -1.87719, 0.10283, 0.30000],[ -1.83725, 0.10064, 0.40000],[ -1.79731, 0.09845, 0.50000]]//
[[ -1.75737, 0.09626, 0.60000],[ -1.71743, 0.09407, 0.70000],[ -1.67749, 0.09189, 0.80000],[ -1.63755, 0.08970, 0.90000],[ -1.59761, 0.08751, 1.00000]]//
[[ -1.55766, 0.08532, 1.10000],[ -1.51772, 0.08314, 1.20000],[ -1.47778, 0.08095, 1.30000],[ -1.43784, 0.07876, 1.40000],[ -1.39790, 0.07657, 1.50000]]//
[[ -1.35796, 0.07438, 1.60000],[ -1.31802, 0.07220, 1.70000],[ -1.27808, 0.07001, 1.80000],[ -1.23814, 0.06782, 1.90000],[ -1.19820, 0.06563, 2.00000]]//
[[ -1.15826, 0.06345, 2.10000],[ -1.11832, 0.06126, 2.20000],[ -1.07838, 0.05907, 2.30000],[ -1.03844, 0.05688, 2.40000],[ -0.99850, 0.05469, 2.50000]]//
[[ -0.95856, 0.05251, 2.60000],[ -0.91862, 0.05032, 2.70000],[ -0.87868, 0.04813, 2.80000],[ -0.83874, 0.04594, 2.90000],[ -0.79880, 0.04376, 3.00000]]//
[[ -0.75886, 0.04157, 3.10000],[ -0.71892, 0.03938, 3.20000],[ -0.67898, 0.03719, 3.30000],[ -0.63904, 0.03500, 3.40000],[ -0.59910, 0.03282, 3.50000]]//
[[ -0.55916, 0.03063, 3.60000],[ -0.51922, 0.02844, 3.70000],[ -0.47928, 0.02625, 3.80000],[ -0.43934, 0.02407, 3.90000],[ -0.39940, 0.02188, 4.00000]]//
[[ -0.35946, 0.01969, 4.10000],[ -0.31952, 0.01750, 4.20000],[ -0.27958, 0.01531, 4.30000],[ -0.23964, 0.01313, 4.40000],[ -0.19970, 0.01094, 4.50000]]//
[[ -0.15976, 0.00875, 4.60000],[ -0.11982, 0.00656, 4.70000],[ -0.07988, 0.00438, 4.80000],[ -0.03994, 0.00219, 4.90000],[ 0.00000, 0.00000, 5.00000]]//
end//
start//
[[ 1.62263, -1.16606, 0.00461],[ 1.59164, -1.14380, 0.10000],[ 1.59148, -1.14368, 0.10051]]//
end//
start//
[[ 1.59148, -1.14368, 0.10051],[ 1.55916, -1.12046, 0.20000],[ 1.52668, -1.09711, 0.30000],[ 1.49419, -1.07377, 0.40000],[ 1.46171, -1.05043, 0.50000]]//
[[ 1.42923, -1.02708, 0.60000],[ 1.39675, -1.00374, 0.70000],[ 1.36426, -0.98040, 0.80000],[ 1.33178, -0.95706, 0.90000],[ 1.29930, -0.93371, 1.00000]]//
[[ 1.26682, -0.91037, 1.10000],[ 1.23433, -0.88703, 1.20000],[ 1.20185, -0.86369, 1.30000],[ 1.16937, -0.84034, 1.40000],[ 1.13689, -0.81700, 1.50000]]//
[[ 1.10440, -0.79366, 1.60000],[ 1.07192, -0.77031, 1.70000],[ 1.03944, -0.74697, 1.80000],[ 1.00696, -0.72363, 1.90000],[ 0.97447, -0.70029, 2.00000]]//
[[ 0.94199, -0.67694, 2.10000],[ 0.90951, -0.65360, 2.20000],[ 0.87703, -0.63026, 2.30000],[ 0.84454, -0.60691, 2.40000],[ 0.81206, -0.58357, 2.50000]]//
[[ 0.77958, -0.56023, 2.60000],[ 0.74710, -0.53689, 2.70000],[ 0.71461, -0.51354, 2.80000],[ 0.68213, -0.49020, 2.90000],[ 0.64965, -0.46686, 3.00000]]//
[[ 0.61717, -0.44351, 3.10000],[ 0.58468, -0.42017, 3.20000],[ 0.55220, -0.39683, 3.30000],[ 0.51972, -0.37349, 3.40000],[ 0.48724, -0.35014, 3.50000]]//
[[ 0.45475, -0.32680, 3.60000],[ 0.42227, -0.30346, 3.70000],[ 0.38979, -0.28011, 3.80000],[ 0.35731, -0.25677, 3.90000],[ 0.32482, -0.23343, 4.00000]]//
[[ 0.29234, -0.21009, 4.10000],[ 0.25986, -0.18674, 4.20000],[ 0.22738, -0.16340, 4.30000],[ 0.19489, -0.14006, 4.40000],[ 0.16241, -0.11671, 4.50000]]//
[[ 0.12993, -0.09337, 4.60000],[ 0.09745, -0.07003, 4.70000],[ 0.06496, -0.04669, 4.80000],[ 0.03248, -0.02334, 4.90000],[ 0.00000, 0.00000, 5.00000]]//
end//
start//
[[ 2.00000, 0.00000, 0.00000],[ 1.98423, 0.25067, 0.00000],[ 1.93717, 0.49738, 0.00000],[ 1.85955, 0.73625, 0.00000],[ 1.75261, 0.96351, 0.00000]]//
[[ 1.61803, 1.17557, 0.00000],[ 1.45794, 1.36909, 0.00000],[ 1.27485, 1.54103, 0.00000],[ 1.07165, 1.68866, 0.00000],[ 0.85156, 1.80965, 0.00000]]//
[[ 0.61803, 1.90211, 0.00000],[ 0.37476, 1.96457, 0.00000],[ 0.12558, 1.99605, 0.00000],[ -0.12558, 1.99605, 0.00000],[ -0.37476, 1.96457, 0.00000]]//
[[ -0.61803, 1.90211, 0.00000],[ -0.85156, 1.80965, 0.00000],[ -1.07165, 1.68866, 0.00000],[ -1.27485, 1.54103, 0.00000],[ -1.45794, 1.36909, 0.00000]]//
[[ -1.61803, 1.17557, 0.00000],[ -1.75261, 0.96351, 0.00000],[ -1.85955, 0.73625, 0.00000],[ -1.93717, 0.49738, 0.00000],[ -1.98423, 0.25067, 0.00000]]//
[[ -1.99358, 0.10199, 0.00000]]//
end//
start//
[[ 1.61803, -1.17557, 0.00000],[ 1.75261, -0.96351, 0.00000],[ 1.85955, -0.73625, 0.00000],[ 1.93717, -0.49738, 0.00000],[ 1.98423, -0.25067, 0.00000]]//
[[ 2.00000, 0.00000, 0.00000]]//
end//
sfbdh3d1//
start//
[[ -1.99358, 0.10199, 0.00000],[ -2.00000, -0.00000, 0.00000],[ -1.98423, -0.25067, 0.00000],[ -1.93717, -0.49738, 0.00000],[ -1.85955, -0.73625, 0.00000]]//
[[ -1.75261, -0.96351, 0.00000],[ -1.61803, -1.17557, 0.00000],[ -1.45794, -1.36909, 0.00000],[ -1.27485, -1.54103, 0.00000],[ -1.07165, -1.68866, 0.00000]]//
[[ -0.85156, -1.80965, 0.00000],[ -0.61803, -1.90211, 0.00000],[ -0.37476, -1.96457, 0.00000],[ -0.12558, -1.99605, 0.00000],[ 0.12558, -1.99605, 0.00000]]//
[[ 0.37476, -1.96457, 0.00000],[ 0.61803, -1.90211, 0.00000],[ 0.85156, -1.80965, 0.00000],[ 1.07165, -1.68866, 0.00000],[ 1.27485, -1.54103, 0.00000]]//
[[ 1.45794, -1.36909, 0.00000],[ 1.61803, -1.17557, 0.00000]]//
end//
crvsf3d1//
start//
[[ -5.00000, 0.00000, 0.00000],[ -2.00306, 0.00000, 0.00000]]//
end//
start//
[[ 2.00000, 0.00000, 0.00000],[ 5.00000, 0.00000, 0.00000]]//
end//
start//
[[ 0.00000, -5.00000, 0.00000],[ 0.00000, -3.42755, 0.00000]]//
end//
start//
[[ 0.00000, 1.99605, 0.00000],[ 0.00000, 5.00000, 0.00000]]//
end//
start//
[[ 0.00000, 0.00000, -2.00000],[ 0.00000, 0.00000, -1.39865]]//
end//
start//
[[ 0.00000, 0.00000, 5.00000],[ 0.00000, 0.00000, 6.00000]]//
end//
crvsfh3d1//
start//
[[ -2.00306, 0.00000, 0.00000],[ 2.00000, 0.00000, 0.00000]]//
end//
start//
[[ 0.00000, -3.42755, 0.00000],[ 0.00000, 1.99605, 0.00000]]//
end//
start//
[[ 0.00000, 0.00000, -1.39865],[ 0.00000, 0.00000, 5.00000]]//
end//
//
